CIK
1527383
1017793
1642081
1636286
1108236
1461755
1390312
701853
1118004
702513
1038205
859222
1034594
1006424
1601545
821127
802681
1522420
870385
1676667
865911
812348
1553830
1323648
1179500
1070523
1470205
1025877
1047170
1083643
822662
1716697
1469134
1389772
1027183
1163199
1040799
1407067
1542299
1613665
1324410
1046203
1668224
1091491
921547
1008579
1461640
1041550
1390162
933141
1594012
1000232
1412707
36506
720002
1260968
1600890
726517
1094810
1600065
811831
1253317
1483195
1414374
1507277
1601347
887919
889936
1667161
1606440
1641601
922487
1028954
1354174
1263762
914374
315849
1499453
1492915
1497275
1023860
1380846
1343034
944792
1476264
1523854
1553326
1366367
1141807
1176316
828530
1520300
910322
1404296
1123270
1618798
1667840
1742089
1651987
1478726
1635484
1592329
1585023
1691507
1682593
774569
1577603
1005409
1015780
1635626
1709017
1769267
1033012
1667939
1551739
1484949
1487052
1617291
1635261
1644482
1652106
1703489
1378946
1511071
1635840
1500213
1599891
1500837
1502749
1077771
1514131
1571398
1036030
1667944
1751692
1448301
1615418
1522327
1511198
1126961
1835385
1691337
1578776
707886
1501364
1526952
1545078
1500836
1528061
816159
1135185
73887
350403
1514226
1373561
1498122
1411488
1813793
749038
1043222
1795938
1432939
1641197
1651094
1816114
1829426
804269
1183082
1580185
1386926
944130
1420811
1542574
1686400
1661779
944696
1466538
1096934
1371446
1084580
1302350
815917
1796160
1173431
920424
1569391
1052100
1469317
1198415
1309132
1541354
1043951
910467
1562622
1386164
1066656
1227265
1325676
1097396
1504886
1209709
1095007
1573766
1269190
837919
1389122
861441
1444363
1068237
1145765
1461219
1461237
845698
1519405
1433994
1353616
1354730
1383055
1367306
1383054
1371571
1535365
1474307
1428043
1393359
1227268
1353282
1428042
1688487
1468910
1471270
1309136
873799
925306
888471
1428040
1043565
1027099
1118384
1168990
1396877
1439567
1671686
1593812
1037189
1379606
1345991
1799858
1109448
1503455
1611702
1728041
1684682
1611988
1430592
1380393
1065865
1326141
704051
1524223
1536577
1611110
350797
1764711
1399249
1562214
1842219
1610462
1501958
1792941
1760439
726293
1657737
792161
1302946
1486299
1440517
1289237
1543083
1488419
